88
88
87
85
84
84
83
82
81
81
80
80
80
80
79
79
79
79
79
79
79
79
77
75
75
74
73
73
73
71
71
71
71
71
71
70
70
69
69
68
68
68
68
67
67
67
66
66
65
65
64
64
62
61
61
60
59
59
59
59
59
59
58
57
56
56
55
55
53
52
52
51
51
51
51
51
51
51
51
51
51
51
51
51
50
50
50
50
49
49
48
48
47
47
47
45
43
42
42
41
38
36
36
36
36
35
35
35
35
35
35
34
34
34
33
33
33
33
33
32
30
28
28
28
28
27
27
27
26
23
23
22
22
20
20
20
18
18
15
15
14
14
13
13
11
11
10
10
8
8
7
6
5
4
4
4
1
1
1
1
1
1
1
1
1
1
1
1
1
1
1
1
1
1
1
1
1
1
1
1
1
1
1
1
1
1
1
1
1
1
1
1
1
1
1
1
1
1
1
1
